0.000000000000000000e+00 9.069999694824218750e+00
0.000000000000000000e+00 9.399999618530273438e+00
0.000000000000000000e+00 1.920000076293945312e+01
0.000000000000000000e+00 2.010000038146972656e+01
0.000000000000000000e+00 2.050000000000000000e+01
0.000000000000000000e+00 2.120000076293945312e+01
0.000000000000000000e+00 2.589999961853027344e+01
0.000000000000000000e+00 2.979999923706054688e+01
0.000000000000000000e+00 3.089999961853027344e+01
0.000000000000000000e+00 3.179999923706054688e+01
0.000000000000000000e+00 3.290000152587890625e+01
0.000000000000000000e+00 3.320000076293945312e+01
0.000000000000000000e+00 3.479999923706054688e+01
0.000000000000000000e+00 3.500000000000000000e+01
0.000000000000000000e+00 3.800000000000000000e+01
0.000000000000000000e+00 3.850000000000000000e+01
0.000000000000000000e+00 3.940000152587890625e+01
0.000000000000000000e+00 3.950000000000000000e+01
0.000000000000000000e+00 4.009999847412109375e+01
0.000000000000000000e+00 4.179999923706054688e+01
0.000000000000000000e+00 4.329999923706054688e+01
0.000000000000000000e+00 4.420000076293945312e+01
0.000000000000000000e+00 4.429999923706054688e+01
0.000000000000000000e+00 4.500000000000000000e+01
0.000000000000000000e+00 4.540000152587890625e+01
0.000000000000000000e+00 4.550000000000000000e+01
0.000000000000000000e+00 4.629999923706054688e+01
0.000000000000000000e+00 4.729999923706054688e+01
0.000000000000000000e+00 4.740000152587890625e+01
0.000000000000000000e+00 4.740000152587890625e+01
0.000000000000000000e+00 4.790000152587890625e+01
0.000000000000000000e+00 4.790000152587890625e+01
0.000000000000000000e+00 4.820000076293945312e+01
0.000000000000000000e+00 4.829999923706054688e+01
0.000000000000000000e+00 4.879999923706054688e+01
0.000000000000000000e+00 4.940000152587890625e+01
0.000000000000000000e+00 4.940000152587890625e+01
0.000000000000000000e+00 4.940000152587890625e+01
0.000000000000000000e+00 4.950000000000000000e+01
0.000000000000000000e+00 4.979999923706054688e+01
0.000000000000000000e+00 5.009999847412109375e+01
0.000000000000000000e+00 5.020000076293945312e+01
0.000000000000000000e+00 5.040000152587890625e+01
0.000000000000000000e+00 5.050000000000000000e+01
0.000000000000000000e+00 5.059999847412109375e+01
0.000000000000000000e+00 5.070000076293945312e+01
0.000000000000000000e+00 5.070000076293945312e+01
0.000000000000000000e+00 5.090000152587890625e+01
0.000000000000000000e+00 5.090000152587890625e+01
0.000000000000000000e+00 5.100000000000000000e+01
0.000000000000000000e+00 5.129999923706054688e+01
0.000000000000000000e+00 5.150000000000000000e+01
0.000000000000000000e+00 5.159999847412109375e+01
0.000000000000000000e+00 5.190000152587890625e+01
0.000000000000000000e+00 5.200000000000000000e+01
0.000000000000000000e+00 5.200000000000000000e+01
0.000000000000000000e+00 5.200000000000000000e+01
0.000000000000000000e+00 5.200000000000000000e+01
0.000000000000000000e+00 5.200000000000000000e+01
0.000000000000000000e+00 5.209999847412109375e+01
0.000000000000000000e+00 5.220000076293945312e+01
0.000000000000000000e+00 5.229999923706054688e+01
0.000000000000000000e+00 5.259999847412109375e+01
0.000000000000000000e+00 5.279999923706054688e+01
0.000000000000000000e+00 5.290000152587890625e+01
0.000000000000000000e+00 5.290000152587890625e+01
0.000000000000000000e+00 5.320000076293945312e+01
0.000000000000000000e+00 5.329999923706054688e+01
0.000000000000000000e+00 5.359999847412109375e+01
0.000000000000000000e+00 5.359999847412109375e+01
0.000000000000000000e+00 5.370000076293945312e+01
0.000000000000000000e+00 5.370000076293945312e+01
0.000000000000000000e+00 5.390000152587890625e+01
0.000000000000000000e+00 5.390000152587890625e+01
0.000000000000000000e+00 5.390000152587890625e+01
0.000000000000000000e+00 5.400000000000000000e+01
0.000000000000000000e+00 5.409999847412109375e+01
0.000000000000000000e+00 5.409999847412109375e+01
0.000000000000000000e+00 5.409999847412109375e+01
0.000000000000000000e+00 5.429999923706054688e+01
0.000000000000000000e+00 5.429999923706054688e+01
0.000000000000000000e+00 5.440000152587890625e+01
0.000000000000000000e+00 5.440000152587890625e+01
0.000000000000000000e+00 5.450000000000000000e+01
0.000000000000000000e+00 5.459999847412109375e+01
0.000000000000000000e+00 5.459999847412109375e+01
0.000000000000000000e+00 5.479999923706054688e+01
0.000000000000000000e+00 5.479999923706054688e+01
0.000000000000000000e+00 5.509999847412109375e+01
0.000000000000000000e+00 5.509999847412109375e+01
0.000000000000000000e+00 5.520000076293945312e+01
0.000000000000000000e+00 5.529999923706054688e+01
0.000000000000000000e+00 5.529999923706054688e+01
0.000000000000000000e+00 5.529999923706054688e+01
0.000000000000000000e+00 5.540000152587890625e+01
0.000000000000000000e+00 5.559999847412109375e+01
0.000000000000000000e+00 5.559999847412109375e+01
0.000000000000000000e+00 5.570000076293945312e+01
0.000000000000000000e+00 5.579999923706054688e+01
0.000000000000000000e+00 5.590000152587890625e+01
0.000000000000000000e+00 5.590000152587890625e+01
0.000000000000000000e+00 5.590000152587890625e+01
0.000000000000000000e+00 5.600000000000000000e+01
0.000000000000000000e+00 5.600000000000000000e+01
0.000000000000000000e+00 5.609999847412109375e+01
0.000000000000000000e+00 5.620000076293945312e+01
0.000000000000000000e+00 5.620000076293945312e+01
0.000000000000000000e+00 5.629999923706054688e+01
0.000000000000000000e+00 5.629999923706054688e+01
0.000000000000000000e+00 5.629999923706054688e+01
0.000000000000000000e+00 5.640000152587890625e+01
0.000000000000000000e+00 5.640000152587890625e+01
0.000000000000000000e+00 5.640000152587890625e+01
0.000000000000000000e+00 5.640000152587890625e+01
0.000000000000000000e+00 5.640000152587890625e+01
0.000000000000000000e+00 5.650000000000000000e+01
0.000000000000000000e+00 5.650000000000000000e+01
0.000000000000000000e+00 5.659999847412109375e+01
0.000000000000000000e+00 5.670000076293945312e+01
0.000000000000000000e+00 5.670000076293945312e+01
0.000000000000000000e+00 5.679999923706054688e+01
0.000000000000000000e+00 5.679999923706054688e+01
0.000000000000000000e+00 5.679999923706054688e+01
0.000000000000000000e+00 5.679999923706054688e+01
0.000000000000000000e+00 5.679999923706054688e+01
0.000000000000000000e+00 5.690000152587890625e+01
0.000000000000000000e+00 5.690000152587890625e+01
0.000000000000000000e+00 5.690000152587890625e+01
0.000000000000000000e+00 5.690000152587890625e+01
0.000000000000000000e+00 5.700000000000000000e+01
0.000000000000000000e+00 5.720000076293945312e+01
0.000000000000000000e+00 5.720000076293945312e+01
0.000000000000000000e+00 5.740000152587890625e+01
0.000000000000000000e+00 5.750000000000000000e+01
0.000000000000000000e+00 5.750000000000000000e+01
0.000000000000000000e+00 5.750000000000000000e+01
0.000000000000000000e+00 5.750000000000000000e+01
0.000000000000000000e+00 5.759999847412109375e+01
0.000000000000000000e+00 5.759999847412109375e+01
0.000000000000000000e+00 5.759999847412109375e+01
0.000000000000000000e+00 5.770000076293945312e+01
0.000000000000000000e+00 5.770000076293945312e+01
0.000000000000000000e+00 5.790000152587890625e+01
0.000000000000000000e+00 5.790000152587890625e+01
0.000000000000000000e+00 5.790000152587890625e+01
0.000000000000000000e+00 5.800000000000000000e+01
0.000000000000000000e+00 5.800000000000000000e+01
0.000000000000000000e+00 5.820000076293945312e+01
0.000000000000000000e+00 5.820000076293945312e+01
0.000000000000000000e+00 5.820000076293945312e+01
0.000000000000000000e+00 5.820000076293945312e+01
0.000000000000000000e+00 5.829999923706054688e+01
0.000000000000000000e+00 5.829999923706054688e+01
0.000000000000000000e+00 5.840000152587890625e+01
0.000000000000000000e+00 5.840000152587890625e+01
0.000000000000000000e+00 5.840000152587890625e+01
0.000000000000000000e+00 5.840000152587890625e+01
0.000000000000000000e+00 5.840000152587890625e+01
0.000000000000000000e+00 5.850000000000000000e+01
0.000000000000000000e+00 5.850000000000000000e+01
0.000000000000000000e+00 5.859999847412109375e+01
0.000000000000000000e+00 5.859999847412109375e+01
0.000000000000000000e+00 5.870000076293945312e+01
0.000000000000000000e+00 5.879999923706054688e+01
0.000000000000000000e+00 5.879999923706054688e+01
0.000000000000000000e+00 5.879999923706054688e+01
0.000000000000000000e+00 5.890000152587890625e+01
0.000000000000000000e+00 5.900000000000000000e+01
0.000000000000000000e+00 5.900000000000000000e+01
0.000000000000000000e+00 5.900000000000000000e+01
0.000000000000000000e+00 5.900000000000000000e+01
0.000000000000000000e+00 5.900000000000000000e+01
0.000000000000000000e+00 5.900000000000000000e+01
0.000000000000000000e+00 5.900000000000000000e+01
0.000000000000000000e+00 5.909999847412109375e+01
0.000000000000000000e+00 5.909999847412109375e+01
0.000000000000000000e+00 5.920000076293945312e+01
0.000000000000000000e+00 5.920000076293945312e+01
0.000000000000000000e+00 5.929999923706054688e+01
0.000000000000000000e+00 5.929999923706054688e+01
0.000000000000000000e+00 5.940000152587890625e+01
0.000000000000000000e+00 5.940000152587890625e+01
0.000000000000000000e+00 5.940000152587890625e+01
0.000000000000000000e+00 5.940000152587890625e+01
0.000000000000000000e+00 5.940000152587890625e+01
0.000000000000000000e+00 5.940000152587890625e+01
0.000000000000000000e+00 5.950000000000000000e+01
0.000000000000000000e+00 5.950000000000000000e+01
0.000000000000000000e+00 5.950000000000000000e+01
0.000000000000000000e+00 5.959999847412109375e+01
0.000000000000000000e+00 5.959999847412109375e+01
0.000000000000000000e+00 5.959999847412109375e+01
0.000000000000000000e+00 5.970000076293945312e+01
0.000000000000000000e+00 5.970000076293945312e+01
0.000000000000000000e+00 5.970000076293945312e+01
0.000000000000000000e+00 5.970000076293945312e+01
0.000000000000000000e+00 5.970000076293945312e+01
0.000000000000000000e+00 5.970000076293945312e+01
0.000000000000000000e+00 5.970000076293945312e+01
0.000000000000000000e+00 5.990000152587890625e+01
0.000000000000000000e+00 5.990000152587890625e+01
0.000000000000000000e+00 5.990000152587890625e+01
0.000000000000000000e+00 5.990000152587890625e+01
0.000000000000000000e+00 5.990000152587890625e+01
0.000000000000000000e+00 5.990000152587890625e+01
0.000000000000000000e+00 6.000000000000000000e+01
0.000000000000000000e+00 6.000000000000000000e+01
0.000000000000000000e+00 6.000000000000000000e+01
0.000000000000000000e+00 6.009999847412109375e+01
0.000000000000000000e+00 6.020000076293945312e+01
0.000000000000000000e+00 6.020000076293945312e+01
0.000000000000000000e+00 6.020000076293945312e+01
0.000000000000000000e+00 6.029999923706054688e+01
0.000000000000000000e+00 6.029999923706054688e+01
0.000000000000000000e+00 6.029999923706054688e+01
0.000000000000000000e+00 6.040000152587890625e+01
0.000000000000000000e+00 6.040000152587890625e+01
0.000000000000000000e+00 6.040000152587890625e+01
0.000000000000000000e+00 6.040000152587890625e+01
0.000000000000000000e+00 6.040000152587890625e+01
0.000000000000000000e+00 6.040000152587890625e+01
0.000000000000000000e+00 6.040000152587890625e+01
0.000000000000000000e+00 6.040000152587890625e+01
0.000000000000000000e+00 6.040000152587890625e+01
0.000000000000000000e+00 6.040000152587890625e+01
0.000000000000000000e+00 6.050000000000000000e+01
0.000000000000000000e+00 6.050000000000000000e+01
0.000000000000000000e+00 6.050000000000000000e+01
0.000000000000000000e+00 6.059999847412109375e+01
0.000000000000000000e+00 6.059999847412109375e+01
0.000000000000000000e+00 6.059999847412109375e+01
0.000000000000000000e+00 6.059999847412109375e+01
0.000000000000000000e+00 6.059999847412109375e+01
0.000000000000000000e+00 6.059999847412109375e+01
0.000000000000000000e+00 6.070000076293945312e+01
0.000000000000000000e+00 6.070000076293945312e+01
0.000000000000000000e+00 6.070000076293945312e+01
0.000000000000000000e+00 6.070000076293945312e+01
0.000000000000000000e+00 6.079999923706054688e+01
0.000000000000000000e+00 6.079999923706054688e+01
0.000000000000000000e+00 6.079999923706054688e+01
0.000000000000000000e+00 6.090000152587890625e+01
0.000000000000000000e+00 6.090000152587890625e+01
0.000000000000000000e+00 6.090000152587890625e+01
0.000000000000000000e+00 6.090000152587890625e+01
0.000000000000000000e+00 6.100000000000000000e+01
0.000000000000000000e+00 6.100000000000000000e+01
0.000000000000000000e+00 6.100000000000000000e+01
0.000000000000000000e+00 6.100000000000000000e+01
0.000000000000000000e+00 6.100000000000000000e+01
0.000000000000000000e+00 6.109999847412109375e+01
0.000000000000000000e+00 6.109999847412109375e+01
0.000000000000000000e+00 6.109999847412109375e+01
0.000000000000000000e+00 6.109999847412109375e+01
0.000000000000000000e+00 6.120000076293945312e+01
0.000000000000000000e+00 6.120000076293945312e+01
0.000000000000000000e+00 6.120000076293945312e+01
0.000000000000000000e+00 6.120000076293945312e+01
0.000000000000000000e+00 6.120000076293945312e+01
0.000000000000000000e+00 6.129999923706054688e+01
0.000000000000000000e+00 6.129999923706054688e+01
0.000000000000000000e+00 6.129999923706054688e+01
0.000000000000000000e+00 6.129999923706054688e+01
0.000000000000000000e+00 6.129999923706054688e+01
0.000000000000000000e+00 6.129999923706054688e+01
0.000000000000000000e+00 6.140000152587890625e+01
0.000000000000000000e+00 6.140000152587890625e+01
0.000000000000000000e+00 6.140000152587890625e+01
0.000000000000000000e+00 6.140000152587890625e+01
0.000000000000000000e+00 6.140000152587890625e+01
0.000000000000000000e+00 6.140000152587890625e+01
0.000000000000000000e+00 6.140000152587890625e+01
0.000000000000000000e+00 6.140000152587890625e+01
0.000000000000000000e+00 6.150000000000000000e+01
0.000000000000000000e+00 6.150000000000000000e+01
0.000000000000000000e+00 6.150000000000000000e+01
0.000000000000000000e+00 6.150000000000000000e+01
0.000000000000000000e+00 6.159999847412109375e+01
0.000000000000000000e+00 6.159999847412109375e+01
0.000000000000000000e+00 6.170000076293945312e+01
0.000000000000000000e+00 6.170000076293945312e+01
0.000000000000000000e+00 6.170000076293945312e+01
0.000000000000000000e+00 6.170000076293945312e+01
0.000000000000000000e+00 6.170000076293945312e+01
0.000000000000000000e+00 6.170000076293945312e+01
0.000000000000000000e+00 6.170000076293945312e+01
0.000000000000000000e+00 6.179999923706054688e+01
0.000000000000000000e+00 6.179999923706054688e+01
0.000000000000000000e+00 6.179999923706054688e+01
0.000000000000000000e+00 6.179999923706054688e+01
0.000000000000000000e+00 6.179999923706054688e+01
0.000000000000000000e+00 6.179999923706054688e+01
0.000000000000000000e+00 6.190000152587890625e+01
0.000000000000000000e+00 6.190000152587890625e+01
0.000000000000000000e+00 6.190000152587890625e+01
0.000000000000000000e+00 6.190000152587890625e+01
0.000000000000000000e+00 6.190000152587890625e+01
0.000000000000000000e+00 6.200000000000000000e+01
0.000000000000000000e+00 6.200000000000000000e+01
0.000000000000000000e+00 6.209999847412109375e+01
0.000000000000000000e+00 6.209999847412109375e+01
0.000000000000000000e+00 6.209999847412109375e+01
0.000000000000000000e+00 6.220000076293945312e+01
0.000000000000000000e+00 6.220000076293945312e+01
0.000000000000000000e+00 6.220000076293945312e+01
0.000000000000000000e+00 6.220000076293945312e+01
0.000000000000000000e+00 6.220000076293945312e+01
0.000000000000000000e+00 6.220000076293945312e+01
0.000000000000000000e+00 6.229999923706054688e+01
0.000000000000000000e+00 6.229999923706054688e+01
0.000000000000000000e+00 6.229999923706054688e+01
0.000000000000000000e+00 6.240000152587890625e+01
0.000000000000000000e+00 6.240000152587890625e+01
0.000000000000000000e+00 6.240000152587890625e+01
0.000000000000000000e+00 6.240000152587890625e+01
0.000000000000000000e+00 6.240000152587890625e+01
0.000000000000000000e+00 6.250000000000000000e+01
0.000000000000000000e+00 6.250000000000000000e+01
0.000000000000000000e+00 6.250000000000000000e+01
0.000000000000000000e+00 6.259999847412109375e+01
0.000000000000000000e+00 6.259999847412109375e+01
0.000000000000000000e+00 6.259999847412109375e+01
0.000000000000000000e+00 6.270000076293945312e+01
0.000000000000000000e+00 6.270000076293945312e+01
0.000000000000000000e+00 6.270000076293945312e+01
0.000000000000000000e+00 6.270000076293945312e+01
0.000000000000000000e+00 6.279999923706054688e+01
0.000000000000000000e+00 6.279999923706054688e+01
0.000000000000000000e+00 6.279999923706054688e+01
0.000000000000000000e+00 6.279999923706054688e+01
0.000000000000000000e+00 6.279999923706054688e+01
0.000000000000000000e+00 6.279999923706054688e+01
0.000000000000000000e+00 6.279999923706054688e+01
0.000000000000000000e+00 6.279999923706054688e+01
0.000000000000000000e+00 6.290000152587890625e+01
0.000000000000000000e+00 6.290000152587890625e+01
0.000000000000000000e+00 6.290000152587890625e+01
0.000000000000000000e+00 6.290000152587890625e+01
0.000000000000000000e+00 6.290000152587890625e+01
0.000000000000000000e+00 6.290000152587890625e+01
0.000000000000000000e+00 6.300000000000000000e+01
0.000000000000000000e+00 6.300000000000000000e+01
0.000000000000000000e+00 6.300000000000000000e+01
0.000000000000000000e+00 6.309999847412109375e+01
0.000000000000000000e+00 6.309999847412109375e+01
0.000000000000000000e+00 6.309999847412109375e+01
0.000000000000000000e+00 6.309999847412109375e+01
0.000000000000000000e+00 6.320000076293945312e+01
0.000000000000000000e+00 6.320000076293945312e+01
0.000000000000000000e+00 6.320000076293945312e+01
0.000000000000000000e+00 6.320000076293945312e+01
0.000000000000000000e+00 6.320000076293945312e+01
0.000000000000000000e+00 6.329999923706054688e+01
0.000000000000000000e+00 6.329999923706054688e+01
0.000000000000000000e+00 6.329999923706054688e+01
0.000000000000000000e+00 6.329999923706054688e+01
0.000000000000000000e+00 6.329999923706054688e+01
0.000000000000000000e+00 6.329999923706054688e+01
0.000000000000000000e+00 6.329999923706054688e+01
0.000000000000000000e+00 6.340000152587890625e+01
0.000000000000000000e+00 6.340000152587890625e+01
0.000000000000000000e+00 6.340000152587890625e+01
0.000000000000000000e+00 6.350000000000000000e+01
0.000000000000000000e+00 6.350000000000000000e+01
0.000000000000000000e+00 6.350000000000000000e+01
0.000000000000000000e+00 6.350000000000000000e+01
0.000000000000000000e+00 6.350000000000000000e+01
0.000000000000000000e+00 6.350000000000000000e+01
0.000000000000000000e+00 6.350000000000000000e+01
0.000000000000000000e+00 6.359999847412109375e+01
0.000000000000000000e+00 6.359999847412109375e+01
0.000000000000000000e+00 6.370000076293945312e+01
0.000000000000000000e+00 6.370000076293945312e+01
0.000000000000000000e+00 6.370000076293945312e+01
0.000000000000000000e+00 6.370000076293945312e+01
0.000000000000000000e+00 6.370000076293945312e+01
0.000000000000000000e+00 6.370000076293945312e+01
0.000000000000000000e+00 6.370000076293945312e+01
0.000000000000000000e+00 6.379999923706054688e+01
0.000000000000000000e+00 6.379999923706054688e+01
0.000000000000000000e+00 6.379999923706054688e+01
0.000000000000000000e+00 6.379999923706054688e+01
0.000000000000000000e+00 6.379999923706054688e+01
0.000000000000000000e+00 6.379999923706054688e+01
0.000000000000000000e+00 6.390000152587890625e+01
0.000000000000000000e+00 6.390000152587890625e+01
0.000000000000000000e+00 6.390000152587890625e+01
0.000000000000000000e+00 6.390000152587890625e+01
0.000000000000000000e+00 6.390000152587890625e+01
0.000000000000000000e+00 6.390000152587890625e+01
0.000000000000000000e+00 6.390000152587890625e+01
0.000000000000000000e+00 6.400000000000000000e+01
0.000000000000000000e+00 6.400000000000000000e+01
0.000000000000000000e+00 6.400000000000000000e+01
0.000000000000000000e+00 6.400000000000000000e+01
0.000000000000000000e+00 6.400000000000000000e+01
0.000000000000000000e+00 6.409999847412109375e+01
0.000000000000000000e+00 6.419999694824218750e+01
0.000000000000000000e+00 6.419999694824218750e+01
0.000000000000000000e+00 6.419999694824218750e+01
0.000000000000000000e+00 6.419999694824218750e+01
0.000000000000000000e+00 6.430000305175781250e+01
0.000000000000000000e+00 6.430000305175781250e+01
0.000000000000000000e+00 6.430000305175781250e+01
0.000000000000000000e+00 6.430000305175781250e+01
0.000000000000000000e+00 6.430000305175781250e+01
0.000000000000000000e+00 6.430000305175781250e+01
0.000000000000000000e+00 6.440000152587890625e+01
0.000000000000000000e+00 6.440000152587890625e+01
0.000000000000000000e+00 6.440000152587890625e+01
0.000000000000000000e+00 6.440000152587890625e+01
0.000000000000000000e+00 6.440000152587890625e+01
0.000000000000000000e+00 6.450000000000000000e+01
0.000000000000000000e+00 6.450000000000000000e+01
0.000000000000000000e+00 6.450000000000000000e+01
0.000000000000000000e+00 6.450000000000000000e+01
0.000000000000000000e+00 6.459999847412109375e+01
0.000000000000000000e+00 6.459999847412109375e+01
0.000000000000000000e+00 6.459999847412109375e+01
0.000000000000000000e+00 6.459999847412109375e+01
0.000000000000000000e+00 6.459999847412109375e+01
0.000000000000000000e+00 6.469999694824218750e+01
0.000000000000000000e+00 6.469999694824218750e+01
0.000000000000000000e+00 6.469999694824218750e+01
0.000000000000000000e+00 6.469999694824218750e+01
0.000000000000000000e+00 6.469999694824218750e+01
0.000000000000000000e+00 6.469999694824218750e+01
0.000000000000000000e+00 6.469999694824218750e+01
0.000000000000000000e+00 6.469999694824218750e+01
0.000000000000000000e+00 6.480000305175781250e+01
0.000000000000000000e+00 6.480000305175781250e+01
0.000000000000000000e+00 6.480000305175781250e+01
0.000000000000000000e+00 6.480000305175781250e+01
0.000000000000000000e+00 6.480000305175781250e+01
0.000000000000000000e+00 6.480000305175781250e+01
0.000000000000000000e+00 6.480000305175781250e+01
0.000000000000000000e+00 6.490000152587890625e+01
0.000000000000000000e+00 6.490000152587890625e+01
0.000000000000000000e+00 6.490000152587890625e+01
0.000000000000000000e+00 6.490000152587890625e+01
0.000000000000000000e+00 6.490000152587890625e+01
0.000000000000000000e+00 6.490000152587890625e+01
0.000000000000000000e+00 6.500000000000000000e+01
0.000000000000000000e+00 6.500000000000000000e+01
0.000000000000000000e+00 6.500000000000000000e+01
0.000000000000000000e+00 6.500000000000000000e+01
0.000000000000000000e+00 6.500000000000000000e+01
0.000000000000000000e+00 6.509999847412109375e+01
0.000000000000000000e+00 6.509999847412109375e+01
0.000000000000000000e+00 6.519999694824218750e+01
0.000000000000000000e+00 6.519999694824218750e+01
0.000000000000000000e+00 6.519999694824218750e+01
0.000000000000000000e+00 6.519999694824218750e+01
0.000000000000000000e+00 6.519999694824218750e+01
0.000000000000000000e+00 6.519999694824218750e+01
0.000000000000000000e+00 6.530000305175781250e+01
0.000000000000000000e+00 6.530000305175781250e+01
0.000000000000000000e+00 6.540000152587890625e+01
0.000000000000000000e+00 6.540000152587890625e+01
0.000000000000000000e+00 6.550000000000000000e+01
0.000000000000000000e+00 6.550000000000000000e+01
0.000000000000000000e+00 6.550000000000000000e+01
0.000000000000000000e+00 6.559999847412109375e+01
0.000000000000000000e+00 6.559999847412109375e+01
0.000000000000000000e+00 6.559999847412109375e+01
0.000000000000000000e+00 6.559999847412109375e+01
0.000000000000000000e+00 6.559999847412109375e+01
0.000000000000000000e+00 6.559999847412109375e+01
0.000000000000000000e+00 6.569999694824218750e+01
0.000000000000000000e+00 6.569999694824218750e+01
0.000000000000000000e+00 6.569999694824218750e+01
0.000000000000000000e+00 6.569999694824218750e+01
0.000000000000000000e+00 6.569999694824218750e+01
0.000000000000000000e+00 6.569999694824218750e+01
0.000000000000000000e+00 6.580000305175781250e+01
0.000000000000000000e+00 6.590000152587890625e+01
0.000000000000000000e+00 6.590000152587890625e+01
0.000000000000000000e+00 6.590000152587890625e+01
0.000000000000000000e+00 6.590000152587890625e+01
0.000000000000000000e+00 6.600000000000000000e+01
0.000000000000000000e+00 6.600000000000000000e+01
0.000000000000000000e+00 6.600000000000000000e+01
0.000000000000000000e+00 6.609999847412109375e+01
0.000000000000000000e+00 6.609999847412109375e+01
0.000000000000000000e+00 6.609999847412109375e+01
0.000000000000000000e+00 6.609999847412109375e+01
0.000000000000000000e+00 6.609999847412109375e+01
0.000000000000000000e+00 6.609999847412109375e+01
0.000000000000000000e+00 6.619999694824218750e+01
0.000000000000000000e+00 6.619999694824218750e+01
0.000000000000000000e+00 6.619999694824218750e+01
0.000000000000000000e+00 6.630000305175781250e+01
0.000000000000000000e+00 6.630000305175781250e+01
0.000000000000000000e+00 6.630000305175781250e+01
0.000000000000000000e+00 6.630000305175781250e+01
0.000000000000000000e+00 6.630000305175781250e+01
0.000000000000000000e+00 6.630000305175781250e+01
0.000000000000000000e+00 6.640000152587890625e+01
0.000000000000000000e+00 6.640000152587890625e+01
0.000000000000000000e+00 6.640000152587890625e+01
0.000000000000000000e+00 6.640000152587890625e+01
0.000000000000000000e+00 6.640000152587890625e+01
0.000000000000000000e+00 6.640000152587890625e+01
0.000000000000000000e+00 6.650000000000000000e+01
0.000000000000000000e+00 6.650000000000000000e+01
0.000000000000000000e+00 6.650000000000000000e+01
0.000000000000000000e+00 6.659999847412109375e+01
0.000000000000000000e+00 6.659999847412109375e+01
0.000000000000000000e+00 6.659999847412109375e+01
0.000000000000000000e+00 6.659999847412109375e+01
0.000000000000000000e+00 6.659999847412109375e+01
0.000000000000000000e+00 6.669999694824218750e+01
0.000000000000000000e+00 6.669999694824218750e+01
0.000000000000000000e+00 6.669999694824218750e+01
0.000000000000000000e+00 6.680000305175781250e+01
0.000000000000000000e+00 6.680000305175781250e+01
0.000000000000000000e+00 6.680000305175781250e+01
0.000000000000000000e+00 6.680000305175781250e+01
0.000000000000000000e+00 6.690000152587890625e+01
0.000000000000000000e+00 6.690000152587890625e+01
0.000000000000000000e+00 6.690000152587890625e+01
0.000000000000000000e+00 6.700000000000000000e+01
0.000000000000000000e+00 6.700000000000000000e+01
0.000000000000000000e+00 6.700000000000000000e+01
0.000000000000000000e+00 6.709999847412109375e+01
0.000000000000000000e+00 6.709999847412109375e+01
0.000000000000000000e+00 6.709999847412109375e+01
0.000000000000000000e+00 6.709999847412109375e+01
0.000000000000000000e+00 6.719999694824218750e+01
0.000000000000000000e+00 6.730000305175781250e+01
0.000000000000000000e+00 6.730000305175781250e+01
0.000000000000000000e+00 6.730000305175781250e+01
0.000000000000000000e+00 6.730000305175781250e+01
0.000000000000000000e+00 6.730000305175781250e+01
0.000000000000000000e+00 6.740000152587890625e+01
0.000000000000000000e+00 6.740000152587890625e+01
0.000000000000000000e+00 6.740000152587890625e+01
0.000000000000000000e+00 6.740000152587890625e+01
0.000000000000000000e+00 6.740000152587890625e+01
0.000000000000000000e+00 6.750000000000000000e+01
0.000000000000000000e+00 6.750000000000000000e+01
0.000000000000000000e+00 6.750000000000000000e+01
0.000000000000000000e+00 6.750000000000000000e+01
0.000000000000000000e+00 6.759999847412109375e+01
0.000000000000000000e+00 6.759999847412109375e+01
0.000000000000000000e+00 6.759999847412109375e+01
0.000000000000000000e+00 6.769999694824218750e+01
0.000000000000000000e+00 6.780000305175781250e+01
0.000000000000000000e+00 6.780000305175781250e+01
0.000000000000000000e+00 6.790000152587890625e+01
0.000000000000000000e+00 6.790000152587890625e+01
0.000000000000000000e+00 6.790000152587890625e+01
0.000000000000000000e+00 6.800000000000000000e+01
0.000000000000000000e+00 6.800000000000000000e+01
0.000000000000000000e+00 6.800000000000000000e+01
0.000000000000000000e+00 6.800000000000000000e+01
0.000000000000000000e+00 6.809999847412109375e+01
0.000000000000000000e+00 6.809999847412109375e+01
0.000000000000000000e+00 6.809999847412109375e+01
0.000000000000000000e+00 6.809999847412109375e+01
0.000000000000000000e+00 6.809999847412109375e+01
0.000000000000000000e+00 6.819999694824218750e+01
0.000000000000000000e+00 6.819999694824218750e+01
0.000000000000000000e+00 6.819999694824218750e+01
0.000000000000000000e+00 6.819999694824218750e+01
0.000000000000000000e+00 6.819999694824218750e+01
0.000000000000000000e+00 6.819999694824218750e+01
0.000000000000000000e+00 6.830000305175781250e+01
0.000000000000000000e+00 6.830000305175781250e+01
0.000000000000000000e+00 6.830000305175781250e+01
0.000000000000000000e+00 6.840000152587890625e+01
0.000000000000000000e+00 6.840000152587890625e+01
0.000000000000000000e+00 6.840000152587890625e+01
0.000000000000000000e+00 6.850000000000000000e+01
0.000000000000000000e+00 6.850000000000000000e+01
0.000000000000000000e+00 6.850000000000000000e+01
0.000000000000000000e+00 6.850000000000000000e+01
0.000000000000000000e+00 6.850000000000000000e+01
0.000000000000000000e+00 6.859999847412109375e+01
0.000000000000000000e+00 6.869999694824218750e+01
0.000000000000000000e+00 6.869999694824218750e+01
0.000000000000000000e+00 6.880000305175781250e+01
0.000000000000000000e+00 6.880000305175781250e+01
0.000000000000000000e+00 6.880000305175781250e+01
0.000000000000000000e+00 6.880000305175781250e+01
0.000000000000000000e+00 6.890000152587890625e+01
0.000000000000000000e+00 6.890000152587890625e+01
0.000000000000000000e+00 6.890000152587890625e+01
0.000000000000000000e+00 6.900000000000000000e+01
0.000000000000000000e+00 6.919999694824218750e+01
0.000000000000000000e+00 6.919999694824218750e+01
0.000000000000000000e+00 6.919999694824218750e+01
0.000000000000000000e+00 6.930000305175781250e+01
0.000000000000000000e+00 6.930000305175781250e+01
0.000000000000000000e+00 6.930000305175781250e+01
0.000000000000000000e+00 6.930000305175781250e+01
0.000000000000000000e+00 6.940000152587890625e+01
0.000000000000000000e+00 6.940000152587890625e+01
0.000000000000000000e+00 6.950000000000000000e+01
0.000000000000000000e+00 6.950000000000000000e+01
0.000000000000000000e+00 6.950000000000000000e+01
0.000000000000000000e+00 6.950000000000000000e+01
0.000000000000000000e+00 6.959999847412109375e+01
0.000000000000000000e+00 6.980000305175781250e+01
0.000000000000000000e+00 6.980000305175781250e+01
0.000000000000000000e+00 6.980000305175781250e+01
0.000000000000000000e+00 6.980000305175781250e+01
0.000000000000000000e+00 6.990000152587890625e+01
0.000000000000000000e+00 7.000000000000000000e+01
0.000000000000000000e+00 7.000000000000000000e+01
0.000000000000000000e+00 7.000000000000000000e+01
0.000000000000000000e+00 7.009999847412109375e+01
0.000000000000000000e+00 7.009999847412109375e+01
0.000000000000000000e+00 7.019999694824218750e+01
0.000000000000000000e+00 7.030000305175781250e+01
0.000000000000000000e+00 7.030000305175781250e+01
0.000000000000000000e+00 7.050000000000000000e+01
0.000000000000000000e+00 7.059999847412109375e+01
0.000000000000000000e+00 7.059999847412109375e+01
0.000000000000000000e+00 7.059999847412109375e+01
0.000000000000000000e+00 7.059999847412109375e+01
0.000000000000000000e+00 7.069999694824218750e+01
0.000000000000000000e+00 7.069999694824218750e+01
0.000000000000000000e+00 7.090000152587890625e+01
0.000000000000000000e+00 7.100000000000000000e+01
0.000000000000000000e+00 7.100000000000000000e+01
0.000000000000000000e+00 7.109999847412109375e+01
0.000000000000000000e+00 7.109999847412109375e+01
0.000000000000000000e+00 7.119999694824218750e+01
0.000000000000000000e+00 7.119999694824218750e+01
0.000000000000000000e+00 7.119999694824218750e+01
0.000000000000000000e+00 7.130000305175781250e+01
0.000000000000000000e+00 7.159999847412109375e+01
0.000000000000000000e+00 7.159999847412109375e+01
0.000000000000000000e+00 7.159999847412109375e+01
0.000000000000000000e+00 7.169999694824218750e+01
0.000000000000000000e+00 7.180000305175781250e+01
0.000000000000000000e+00 7.190000152587890625e+01
0.000000000000000000e+00 7.190000152587890625e+01
0.000000000000000000e+00 7.200000000000000000e+01
0.000000000000000000e+00 7.230000305175781250e+01
0.000000000000000000e+00 7.240000152587890625e+01
0.000000000000000000e+00 7.269999694824218750e+01
0.000000000000000000e+00 7.290000152587890625e+01
0.000000000000000000e+00 7.300000000000000000e+01
0.000000000000000000e+00 7.300000000000000000e+01
0.000000000000000000e+00 7.309999847412109375e+01
0.000000000000000000e+00 7.309999847412109375e+01
0.000000000000000000e+00 7.330000305175781250e+01
0.000000000000000000e+00 7.330000305175781250e+01
0.000000000000000000e+00 7.350000000000000000e+01
0.000000000000000000e+00 7.350000000000000000e+01
0.000000000000000000e+00 7.430000305175781250e+01
0.000000000000000000e+00 7.440000152587890625e+01
0.000000000000000000e+00 7.440000152587890625e+01
0.000000000000000000e+00 7.459999847412109375e+01
0.000000000000000000e+00 7.469999694824218750e+01
0.000000000000000000e+00 7.550000000000000000e+01
0.000000000000000000e+00 7.569999694824218750e+01
0.000000000000000000e+00 7.569999694824218750e+01
0.000000000000000000e+00 7.850000000000000000e+01
0.000000000000000000e+00 8.040000152587890625e+01
0.000000000000000000e+00 8.040000152587890625e+01
0.000000000000000000e+00 8.380000305175781250e+01
0.000000000000000000e+00 9.850000000000000000e+01
0.000000000000000000e+00 1.040000000000000000e+02
0.000000000000000000e+00 1.070000000000000000e+02
0.000000000000000000e+00 1.630000000000000000e+02
0.000000000000000000e+00 1.770000000000000000e+02
0.000000000000000000e+00 2.090000000000000000e+02
0.000000000000000000e+00 2.150000000000000000e+02
0.000000000000000000e+00 2.630000000000000000e+02
0.000000000000000000e+00 2.660000000000000000e+02
0.000000000000000000e+00 2.670000000000000000e+02
0.000000000000000000e+00 2.750000000000000000e+02
0.000000000000000000e+00 3.440000000000000000e+02
0.000000000000000000e+00 inf
