4.530000000000000000e+02 4.620000000000000000e+02
4.410000000000000000e+02 4.460000000000000000e+02
4.230000000000000000e+02 4.310000000000000000e+02
3.880000000000000000e+02 4.480000000000000000e+02
3.790000000000000000e+02 3.860000000000000000e+02
3.770000000000000000e+02 3.830000000000000000e+02
3.750000000000000000e+02 3.960000000000000000e+02
3.680000000000000000e+02 4.040000000000000000e+02
3.640000000000000000e+02 5.110000000000000000e+02
3.630000000000000000e+02 4.720000000000000000e+02
3.540000000000000000e+02 5.030000000000000000e+02
3.490000000000000000e+02 5.000000000000000000e+02
3.180000000000000000e+02 5.180000000000000000e+02
3.160000000000000000e+02 5.080000000000000000e+02
6.759999847412109375e+01 7.030000305175781250e+01
6.090000152587890625e+01 6.419999694824218750e+01
5.890000152587890625e+01 6.530000305175781250e+01
5.640000152587890625e+01 5.740000152587890625e+01
5.590000152587890625e+01 6.159999847412109375e+01
5.590000152587890625e+01 5.720000076293945312e+01
5.570000076293945312e+01 5.820000076293945312e+01
5.509999847412109375e+01 5.620000076293945312e+01
5.459999847412109375e+01 6.209999847412109375e+01
5.440000152587890625e+01 6.190000152587890625e+01
5.429999923706054688e+01 5.520000076293945312e+01
5.409999847412109375e+01 5.629999923706054688e+01
5.400000000000000000e+01 5.850000000000000000e+01
5.400000000000000000e+01 5.470000076293945312e+01
5.379999923706054688e+01 5.670000076293945312e+01
5.309999847412109375e+01 5.479999923706054688e+01
5.290000152587890625e+01 5.940000152587890625e+01
5.290000152587890625e+01 5.750000000000000000e+01
5.279999923706054688e+01 6.469999694824218750e+01
5.259999847412109375e+01 5.379999923706054688e+01
5.250000000000000000e+01 5.800000000000000000e+01
5.240000152587890625e+01 5.720000076293945312e+01
5.229999923706054688e+01 5.879999923706054688e+01
5.220000076293945312e+01 5.250000000000000000e+01
5.200000000000000000e+01 5.270000076293945312e+01
5.200000000000000000e+01 6.690000152587890625e+01
5.200000000000000000e+01 6.250000000000000000e+01
5.200000000000000000e+01 5.820000076293945312e+01
5.200000000000000000e+01 5.270000076293945312e+01
5.190000152587890625e+01 6.790000152587890625e+01
5.170000076293945312e+01 5.190000152587890625e+01
5.159999847412109375e+01 5.200000000000000000e+01
5.150000000000000000e+01 5.159999847412109375e+01
5.150000000000000000e+01 6.179999923706054688e+01
5.150000000000000000e+01 5.340000152587890625e+01
5.140000152587890625e+01 5.800000000000000000e+01
5.140000152587890625e+01 5.779999923706054688e+01
5.140000152587890625e+01 6.250000000000000000e+01
5.129999923706054688e+01 6.020000076293945312e+01
5.129999923706054688e+01 5.709999847412109375e+01
5.129999923706054688e+01 6.009999847412109375e+01
5.120000076293945312e+01 6.279999923706054688e+01
5.109999847412109375e+01 5.150000000000000000e+01
5.109999847412109375e+01 6.480000305175781250e+01
5.100000000000000000e+01 5.420000076293945312e+01
5.100000000000000000e+01 5.409999847412109375e+01
5.100000000000000000e+01 5.140000152587890625e+01
5.100000000000000000e+01 5.950000000000000000e+01
5.090000152587890625e+01 5.290000152587890625e+01
5.079999923706054688e+01 6.309999847412109375e+01
5.079999923706054688e+01 5.600000000000000000e+01
5.079999923706054688e+01 5.209999847412109375e+01
5.079999923706054688e+01 6.730000305175781250e+01
5.070000076293945312e+01 5.909999847412109375e+01
5.070000076293945312e+01 5.220000076293945312e+01
5.070000076293945312e+01 5.590000152587890625e+01
5.070000076293945312e+01 5.179999923706054688e+01
5.070000076293945312e+01 5.540000152587890625e+01
5.059999847412109375e+01 5.729999923706054688e+01
5.059999847412109375e+01 5.100000000000000000e+01
5.050000000000000000e+01 5.220000076293945312e+01
5.050000000000000000e+01 5.200000000000000000e+01
5.050000000000000000e+01 5.459999847412109375e+01
5.050000000000000000e+01 5.770000076293945312e+01
5.050000000000000000e+01 5.200000000000000000e+01
5.040000152587890625e+01 6.530000305175781250e+01
5.040000152587890625e+01 6.659999847412109375e+01
5.040000152587890625e+01 5.429999923706054688e+01
5.040000152587890625e+01 6.259999847412109375e+01
5.029999923706054688e+01 5.420000076293945312e+01
5.029999923706054688e+01 5.450000000000000000e+01
5.029999923706054688e+01 5.500000000000000000e+01
5.029999923706054688e+01 5.679999923706054688e+01
5.029999923706054688e+01 5.579999923706054688e+01
5.029999923706054688e+01 5.279999923706054688e+01
5.020000076293945312e+01 5.120000076293945312e+01
5.020000076293945312e+01 5.850000000000000000e+01
5.020000076293945312e+01 5.170000000000000000e+02
5.009999847412109375e+01 6.619999694824218750e+01
5.009999847412109375e+01 5.709999847412109375e+01
5.000000000000000000e+01 5.209999847412109375e+01
5.000000000000000000e+01 6.150000000000000000e+01
4.990000152587890625e+01 5.900000000000000000e+01
4.990000152587890625e+01 5.250000000000000000e+01
4.990000152587890625e+01 5.320000076293945312e+01
4.990000152587890625e+01 5.579999923706054688e+01
4.979999923706054688e+01 5.600000000000000000e+01
4.979999923706054688e+01 5.270000076293945312e+01
4.970000076293945312e+01 5.120000076293945312e+01
4.970000076293945312e+01 6.419999694824218750e+01
4.970000076293945312e+01 5.090000152587890625e+01
4.959999847412109375e+01 5.050000000000000000e+01
4.959999847412109375e+01 5.129999923706054688e+01
4.959999847412109375e+01 6.450000000000000000e+01
4.950000000000000000e+01 5.079999923706054688e+01
4.950000000000000000e+01 5.009999847412109375e+01
4.950000000000000000e+01 5.120000076293945312e+01
4.950000000000000000e+01 5.809999847412109375e+01
4.950000000000000000e+01 6.120000076293945312e+01
4.940000152587890625e+01 5.350000000000000000e+01
4.940000152587890625e+01 5.409999847412109375e+01
4.940000152587890625e+01 5.159999847412109375e+01
4.940000152587890625e+01 5.129999923706054688e+01
4.940000152587890625e+01 5.179999923706054688e+01
4.940000152587890625e+01 5.909999847412109375e+01
4.929999923706054688e+01 5.470000076293945312e+01
4.929999923706054688e+01 5.190000152587890625e+01
4.929999923706054688e+01 5.409999847412109375e+01
4.929999923706054688e+01 5.500000000000000000e+01
4.929999923706054688e+01 5.140000152587890625e+01
4.929999923706054688e+01 6.550000000000000000e+01
4.929999923706054688e+01 5.390000152587890625e+01
4.929999923706054688e+01 5.629999923706054688e+01
4.929999923706054688e+01 5.800000000000000000e+01
4.929999923706054688e+01 5.479999923706054688e+01
4.920000076293945312e+01 5.729999923706054688e+01
4.920000076293945312e+01 5.659999847412109375e+01
4.920000076293945312e+01 5.350000000000000000e+01
4.920000076293945312e+01 6.129999923706054688e+01
4.920000076293945312e+01 5.429999923706054688e+01
4.920000076293945312e+01 5.640000152587890625e+01
4.909999847412109375e+01 5.509999847412109375e+01
4.909999847412109375e+01 5.090000152587890625e+01
4.909999847412109375e+01 5.450000000000000000e+01
4.909999847412109375e+01 5.750000000000000000e+01
4.909999847412109375e+01 5.020000076293945312e+01
4.909999847412109375e+01 5.079999923706054688e+01
4.909999847412109375e+01 5.870000076293945312e+01
4.909999847412109375e+01 5.020000076293945312e+01
4.900000000000000000e+01 5.859999847412109375e+01
4.900000000000000000e+01 5.500000000000000000e+01
4.900000000000000000e+01 6.500000000000000000e+01
4.900000000000000000e+01 5.029999923706054688e+01
4.900000000000000000e+01 5.720000076293945312e+01
4.900000000000000000e+01 5.009999847412109375e+01
4.900000000000000000e+01 5.590000152587890625e+01
4.900000000000000000e+01 6.029999923706054688e+01
4.900000000000000000e+01 5.759999847412109375e+01
4.890000152587890625e+01 5.700000000000000000e+01
4.890000152587890625e+01 4.909999847412109375e+01
4.890000152587890625e+01 5.279999923706054688e+01
4.890000152587890625e+01 6.400000000000000000e+01
4.890000152587890625e+01 5.379999923706054688e+01
4.890000152587890625e+01 5.200000000000000000e+01
4.879999923706054688e+01 6.159999847412109375e+01
4.879999923706054688e+01 5.170000076293945312e+01
4.879999923706054688e+01 5.509999847412109375e+01
4.879999923706054688e+01 6.980000305175781250e+01
4.879999923706054688e+01 5.050000000000000000e+01
4.879999923706054688e+01 5.329999923706054688e+01
4.879999923706054688e+01 5.020000076293945312e+01
4.879999923706054688e+01 5.050000000000000000e+01
4.879999923706054688e+01 6.000000000000000000e+01
4.879999923706054688e+01 6.600000000000000000e+01
4.870000076293945312e+01 5.670000076293945312e+01
4.870000076293945312e+01 4.940000152587890625e+01
4.870000076293945312e+01 5.970000076293945312e+01
4.870000076293945312e+01 4.940000152587890625e+01
4.870000076293945312e+01 6.079999923706054688e+01
4.870000076293945312e+01 5.209999847412109375e+01
4.870000076293945312e+01 4.959999847412109375e+01
4.870000076293945312e+01 6.100000000000000000e+01
4.859999847412109375e+01 5.850000000000000000e+01
4.859999847412109375e+01 5.140000152587890625e+01
4.859999847412109375e+01 5.550000000000000000e+01
4.859999847412109375e+01 5.240000152587890625e+01
4.859999847412109375e+01 5.740000152587890625e+01
4.859999847412109375e+01 5.490000152587890625e+01
4.859999847412109375e+01 5.179999923706054688e+01
4.859999847412109375e+01 6.170000076293945312e+01
4.859999847412109375e+01 5.759999847412109375e+01
4.850000000000000000e+01 6.340000152587890625e+01
4.850000000000000000e+01 5.820000076293945312e+01
4.850000000000000000e+01 5.359999847412109375e+01
4.850000000000000000e+01 5.240000152587890625e+01
4.850000000000000000e+01 7.019999694824218750e+01
4.850000000000000000e+01 4.879999923706054688e+01
4.850000000000000000e+01 4.950000000000000000e+01
4.850000000000000000e+01 6.209999847412109375e+01
4.850000000000000000e+01 5.059999847412109375e+01
4.850000000000000000e+01 4.950000000000000000e+01
4.850000000000000000e+01 6.209999847412109375e+01
4.850000000000000000e+01 5.540000152587890625e+01
4.840000152587890625e+01 5.550000000000000000e+01
4.840000152587890625e+01 4.909999847412109375e+01
4.840000152587890625e+01 6.430000305175781250e+01
4.840000152587890625e+01 6.140000152587890625e+01
4.840000152587890625e+01 5.050000000000000000e+01
4.840000152587890625e+01 5.409999847412109375e+01
4.840000152587890625e+01 5.800000000000000000e+01
4.840000152587890625e+01 5.070000076293945312e+01
4.840000152587890625e+01 5.200000000000000000e+01
4.829999923706054688e+01 5.240000152587890625e+01
4.829999923706054688e+01 5.640000152587890625e+01
4.829999923706054688e+01 5.029999923706054688e+01
4.829999923706054688e+01 6.040000152587890625e+01
4.829999923706054688e+01 5.190000152587890625e+01
4.829999923706054688e+01 4.859999847412109375e+01
4.829999923706054688e+01 7.269999694824218750e+01
4.829999923706054688e+01 5.270000076293945312e+01
4.829999923706054688e+01 5.209999847412109375e+01
4.829999923706054688e+01 5.670000076293945312e+01
4.829999923706054688e+01 6.640000152587890625e+01
4.829999923706054688e+01 5.709999847412109375e+01
4.820000076293945312e+01 5.809999847412109375e+01
4.820000076293945312e+01 5.950000000000000000e+01
4.820000076293945312e+01 5.700000000000000000e+01
4.820000076293945312e+01 4.900000000000000000e+01
4.820000076293945312e+01 5.850000000000000000e+01
4.820000076293945312e+01 5.120000076293945312e+01
4.820000076293945312e+01 4.970000076293945312e+01
4.820000076293945312e+01 6.059999847412109375e+01
4.820000076293945312e+01 5.850000000000000000e+01
4.809999847412109375e+01 6.140000152587890625e+01
4.809999847412109375e+01 6.850000000000000000e+01
4.809999847412109375e+01 5.720000076293945312e+01
4.809999847412109375e+01 5.200000000000000000e+01
4.809999847412109375e+01 4.940000152587890625e+01
4.809999847412109375e+01 5.129999923706054688e+01
4.809999847412109375e+01 5.800000000000000000e+01
4.809999847412109375e+01 5.640000152587890625e+01
4.809999847412109375e+01 4.879999923706054688e+01
4.809999847412109375e+01 6.209999847412109375e+01
4.809999847412109375e+01 6.120000076293945312e+01
4.809999847412109375e+01 5.100000000000000000e+01
4.809999847412109375e+01 5.120000076293945312e+01
4.800000000000000000e+01 5.440000152587890625e+01
4.800000000000000000e+01 5.290000152587890625e+01
4.800000000000000000e+01 5.229999923706054688e+01
4.800000000000000000e+01 5.279999923706054688e+01
4.800000000000000000e+01 4.890000152587890625e+01
4.800000000000000000e+01 5.950000000000000000e+01
4.800000000000000000e+01 5.390000152587890625e+01
4.800000000000000000e+01 5.650000000000000000e+01
4.800000000000000000e+01 4.970000076293945312e+01
4.800000000000000000e+01 5.570000076293945312e+01
4.790000152587890625e+01 5.090000152587890625e+01
4.790000152587890625e+01 5.609999847412109375e+01
4.790000152587890625e+01 5.759999847412109375e+01
4.790000152587890625e+01 5.570000076293945312e+01
4.790000152587890625e+01 5.340000152587890625e+01
4.790000152587890625e+01 5.079999923706054688e+01
4.790000152587890625e+01 5.300000000000000000e+01
4.790000152587890625e+01 5.070000076293945312e+01
4.790000152587890625e+01 4.979999923706054688e+01
4.779999923706054688e+01 5.740000152587890625e+01
4.779999923706054688e+01 5.879999923706054688e+01
4.779999923706054688e+01 5.679999923706054688e+01
4.779999923706054688e+01 5.770000076293945312e+01
4.779999923706054688e+01 4.990000152587890625e+01
4.779999923706054688e+01 5.059999847412109375e+01
4.779999923706054688e+01 5.720000076293945312e+01
4.779999923706054688e+01 5.320000076293945312e+01
4.779999923706054688e+01 4.940000152587890625e+01
4.770000076293945312e+01 5.409999847412109375e+01
4.770000076293945312e+01 5.120000076293945312e+01
4.770000076293945312e+01 5.679999923706054688e+01
4.770000076293945312e+01 6.409999847412109375e+01
4.770000076293945312e+01 5.029999923706054688e+01
4.759999847412109375e+01 6.170000076293945312e+01
4.759999847412109375e+01 6.300000000000000000e+01
4.759999847412109375e+01 5.659999847412109375e+01
4.759999847412109375e+01 5.679999923706054688e+01
4.759999847412109375e+01 4.829999923706054688e+01
4.759999847412109375e+01 4.950000000000000000e+01
4.759999847412109375e+01 5.709999847412109375e+01
4.759999847412109375e+01 5.459999847412109375e+01
4.759999847412109375e+01 5.300000000000000000e+01
4.759999847412109375e+01 5.520000076293945312e+01
4.759999847412109375e+01 5.620000076293945312e+01
4.759999847412109375e+01 5.209999847412109375e+01
4.759999847412109375e+01 5.670000076293945312e+01
4.750000000000000000e+01 6.409999847412109375e+01
4.750000000000000000e+01 6.009999847412109375e+01
4.750000000000000000e+01 5.850000000000000000e+01
4.750000000000000000e+01 4.909999847412109375e+01
4.750000000000000000e+01 6.190000152587890625e+01
4.750000000000000000e+01 6.059999847412109375e+01
4.750000000000000000e+01 5.059999847412109375e+01
4.750000000000000000e+01 5.120000076293945312e+01
4.750000000000000000e+01 5.220000076293945312e+01
4.750000000000000000e+01 5.509999847412109375e+01
4.750000000000000000e+01 6.350000000000000000e+01
4.740000152587890625e+01 5.840000152587890625e+01
4.740000152587890625e+01 5.540000152587890625e+01
4.740000152587890625e+01 5.940000152587890625e+01
4.740000152587890625e+01 5.540000152587890625e+01
4.740000152587890625e+01 5.040000152587890625e+01
4.740000152587890625e+01 5.729999923706054688e+01
4.740000152587890625e+01 5.990000152587890625e+01
4.740000152587890625e+01 5.040000152587890625e+01
4.740000152587890625e+01 5.050000000000000000e+01
4.740000152587890625e+01 6.600000000000000000e+01
4.740000152587890625e+01 5.009999847412109375e+01
4.740000152587890625e+01 5.070000076293945312e+01
4.740000152587890625e+01 5.190000152587890625e+01
4.740000152587890625e+01 5.600000000000000000e+01
4.729999923706054688e+01 5.950000000000000000e+01
4.729999923706054688e+01 5.829999923706054688e+01
4.729999923706054688e+01 5.940000152587890625e+01
4.729999923706054688e+01 6.659999847412109375e+01
4.729999923706054688e+01 4.750000000000000000e+01
4.729999923706054688e+01 5.640000152587890625e+01
4.729999923706054688e+01 5.300000000000000000e+01
4.729999923706054688e+01 5.509999847412109375e+01
4.729999923706054688e+01 5.059999847412109375e+01
4.729999923706054688e+01 5.709999847412109375e+01
4.729999923706054688e+01 5.690000152587890625e+01
4.729999923706054688e+01 5.479999923706054688e+01
4.729999923706054688e+01 5.640000152587890625e+01
4.720000076293945312e+01 6.390000152587890625e+01
4.720000076293945312e+01 5.009999847412109375e+01
4.720000076293945312e+01 4.779999923706054688e+01
4.720000076293945312e+01 4.859999847412109375e+01
4.720000076293945312e+01 6.290000152587890625e+01
4.720000076293945312e+01 6.400000000000000000e+01
4.720000076293945312e+01 5.000000000000000000e+01
4.720000076293945312e+01 5.390000152587890625e+01
4.720000076293945312e+01 5.109999847412109375e+01
4.720000076293945312e+01 5.120000076293945312e+01
4.720000076293945312e+01 6.009999847412109375e+01
4.709999847412109375e+01 6.519999694824218750e+01
4.709999847412109375e+01 5.020000076293945312e+01
4.709999847412109375e+01 5.640000152587890625e+01
4.709999847412109375e+01 4.820000076293945312e+01
4.709999847412109375e+01 5.150000000000000000e+01
4.709999847412109375e+01 5.770000076293945312e+01
4.709999847412109375e+01 4.959999847412109375e+01
4.709999847412109375e+01 6.040000152587890625e+01
4.709999847412109375e+01 5.120000076293945312e+01
4.709999847412109375e+01 5.529999923706054688e+01
4.700000000000000000e+01 5.840000152587890625e+01
4.700000000000000000e+01 5.320000076293945312e+01
4.700000000000000000e+01 5.090000152587890625e+01
4.700000000000000000e+01 5.090000152587890625e+01
4.700000000000000000e+01 5.120000076293945312e+01
4.700000000000000000e+01 5.279999923706054688e+01
4.700000000000000000e+01 4.929999923706054688e+01
4.700000000000000000e+01 5.629999923706054688e+01
4.700000000000000000e+01 6.070000076293945312e+01
4.700000000000000000e+01 6.109999847412109375e+01
4.700000000000000000e+01 5.720000076293945312e+01
4.700000000000000000e+01 5.109999847412109375e+01
4.690000152587890625e+01 5.509999847412109375e+01
4.690000152587890625e+01 5.900000000000000000e+01
4.690000152587890625e+01 5.609999847412109375e+01
4.690000152587890625e+01 7.109999847412109375e+01
4.690000152587890625e+01 4.740000152587890625e+01
4.690000152587890625e+01 5.709999847412109375e+01
4.690000152587890625e+01 4.809999847412109375e+01
4.690000152587890625e+01 5.940000152587890625e+01
4.690000152587890625e+01 4.979999923706054688e+01
4.690000152587890625e+01 5.059999847412109375e+01
4.690000152587890625e+01 5.270000076293945312e+01
4.690000152587890625e+01 4.820000076293945312e+01
4.690000152587890625e+01 4.790000152587890625e+01
4.690000152587890625e+01 5.579999923706054688e+01
4.690000152587890625e+01 4.929999923706054688e+01
4.690000152587890625e+01 4.740000152587890625e+01
4.690000152587890625e+01 5.100000000000000000e+01
4.679999923706054688e+01 5.979999923706054688e+01
4.679999923706054688e+01 4.709999847412109375e+01
4.679999923706054688e+01 6.040000152587890625e+01
4.679999923706054688e+01 5.940000152587890625e+01
4.679999923706054688e+01 5.359999847412109375e+01
4.679999923706054688e+01 5.050000000000000000e+01
4.679999923706054688e+01 5.490000152587890625e+01
4.679999923706054688e+01 5.500000000000000000e+01
4.679999923706054688e+01 5.459999847412109375e+01
4.679999923706054688e+01 5.079999923706054688e+01
4.679999923706054688e+01 5.109999847412109375e+01
4.679999923706054688e+01 5.000000000000000000e+01
4.679999923706054688e+01 5.400000000000000000e+01
4.679999923706054688e+01 5.270000076293945312e+01
4.670000076293945312e+01 6.150000000000000000e+01
4.670000076293945312e+01 5.829999923706054688e+01
4.670000076293945312e+01 6.300000000000000000e+01
4.670000076293945312e+01 6.519999694824218750e+01
4.670000076293945312e+01 5.620000076293945312e+01
4.670000076293945312e+01 4.790000152587890625e+01
4.670000076293945312e+01 5.520000076293945312e+01
4.670000076293945312e+01 5.000000000000000000e+01
4.659999847412109375e+01 5.040000152587890625e+01
4.659999847412109375e+01 6.250000000000000000e+01
4.659999847412109375e+01 5.629999923706054688e+01
4.659999847412109375e+01 4.809999847412109375e+01
4.659999847412109375e+01 5.790000152587890625e+01
4.659999847412109375e+01 5.029999923706054688e+01
4.659999847412109375e+01 5.309999847412109375e+01
4.659999847412109375e+01 5.100000000000000000e+01
4.659999847412109375e+01 4.970000076293945312e+01
4.659999847412109375e+01 5.570000076293945312e+01
4.659999847412109375e+01 5.650000000000000000e+01
4.659999847412109375e+01 4.820000076293945312e+01
4.659999847412109375e+01 6.240000152587890625e+01
4.659999847412109375e+01 5.279999923706054688e+01
4.650000000000000000e+01 5.459999847412109375e+01
4.650000000000000000e+01 5.300000000000000000e+01
4.650000000000000000e+01 5.879999923706054688e+01
4.650000000000000000e+01 5.309999847412109375e+01
4.650000000000000000e+01 4.700000000000000000e+01
4.650000000000000000e+01 4.720000076293945312e+01
4.650000000000000000e+01 5.129999923706054688e+01
4.650000000000000000e+01 5.540000152587890625e+01
4.650000000000000000e+01 5.800000000000000000e+01
4.650000000000000000e+01 5.979999923706054688e+01
4.650000000000000000e+01 5.509999847412109375e+01
4.650000000000000000e+01 6.709999847412109375e+01
4.650000000000000000e+01 5.520000076293945312e+01
4.650000000000000000e+01 4.750000000000000000e+01
4.650000000000000000e+01 5.879999923706054688e+01
4.640000152587890625e+01 5.740000152587890625e+01
4.640000152587890625e+01 5.600000000000000000e+01
4.640000152587890625e+01 5.640000152587890625e+01
4.640000152587890625e+01 6.359999847412109375e+01
4.640000152587890625e+01 5.629999923706054688e+01
4.640000152587890625e+01 6.590000152587890625e+01
4.640000152587890625e+01 5.320000076293945312e+01
4.640000152587890625e+01 6.009999847412109375e+01
4.640000152587890625e+01 5.340000152587890625e+01
4.640000152587890625e+01 5.670000076293945312e+01
4.640000152587890625e+01 4.950000000000000000e+01
4.640000152587890625e+01 4.679999923706054688e+01
4.640000152587890625e+01 4.879999923706054688e+01
4.640000152587890625e+01 5.240000000000000000e+02
4.640000152587890625e+01 5.429999923706054688e+01
4.629999923706054688e+01 6.140000152587890625e+01
4.629999923706054688e+01 6.279999923706054688e+01
4.629999923706054688e+01 6.120000076293945312e+01
4.629999923706054688e+01 6.500000000000000000e+01
4.629999923706054688e+01 5.700000000000000000e+01
4.629999923706054688e+01 5.870000076293945312e+01
4.629999923706054688e+01 5.079999923706054688e+01
4.629999923706054688e+01 5.129999923706054688e+01
4.629999923706054688e+01 5.290000152587890625e+01
4.629999923706054688e+01 6.840000152587890625e+01
4.629999923706054688e+01 4.679999923706054688e+01
4.629999923706054688e+01 5.309999847412109375e+01
4.629999923706054688e+01 5.370000076293945312e+01
4.629999923706054688e+01 5.500000000000000000e+01
4.629999923706054688e+01 5.150000000000000000e+01
4.629999923706054688e+01 5.529999923706054688e+01
4.629999923706054688e+01 5.290000152587890625e+01
4.629999923706054688e+01 5.079999923706054688e+01
4.629999923706054688e+01 4.790000152587890625e+01
4.620000076293945312e+01 5.950000000000000000e+01
4.620000076293945312e+01 4.940000152587890625e+01
4.620000076293945312e+01 5.250000000000000000e+01
4.620000076293945312e+01 5.140000152587890625e+01
4.620000076293945312e+01 6.059999847412109375e+01
4.620000076293945312e+01 4.659999847412109375e+01
4.620000076293945312e+01 1.240000000000000000e+03
4.620000076293945312e+01 5.350000000000000000e+01
4.620000076293945312e+01 5.320000076293945312e+01
4.609999847412109375e+01 4.829999923706054688e+01
4.609999847412109375e+01 5.600000000000000000e+01
4.609999847412109375e+01 4.779999923706054688e+01
4.609999847412109375e+01 5.240000152587890625e+01
4.609999847412109375e+01 4.979999923706054688e+01
4.609999847412109375e+01 5.429999923706054688e+01
4.609999847412109375e+01 4.840000152587890625e+01
4.609999847412109375e+01 5.250000000000000000e+01
4.609999847412109375e+01 4.779999923706054688e+01
4.609999847412109375e+01 5.270000076293945312e+01
4.609999847412109375e+01 5.059999847412109375e+01
4.609999847412109375e+01 5.520000076293945312e+01
4.609999847412109375e+01 5.709999847412109375e+01
4.600000000000000000e+01 5.179999923706054688e+01
4.600000000000000000e+01 5.009999847412109375e+01
4.600000000000000000e+01 6.170000076293945312e+01
4.600000000000000000e+01 5.800000000000000000e+01
4.600000000000000000e+01 5.620000076293945312e+01
4.600000000000000000e+01 6.700000000000000000e+01
4.600000000000000000e+01 5.729999923706054688e+01
4.600000000000000000e+01 4.979999923706054688e+01
4.600000000000000000e+01 4.959999847412109375e+01
4.600000000000000000e+01 5.440000152587890625e+01
4.600000000000000000e+01 5.600000000000000000e+01
4.600000000000000000e+01 5.040000152587890625e+01
4.590000152587890625e+01 5.240000152587890625e+01
4.590000152587890625e+01 4.940000152587890625e+01
4.590000152587890625e+01 4.940000152587890625e+01
4.590000152587890625e+01 6.290000152587890625e+01
4.590000152587890625e+01 5.459999847412109375e+01
4.590000152587890625e+01 5.290000152587890625e+01
4.590000152587890625e+01 6.029999923706054688e+01
4.590000152587890625e+01 4.840000152587890625e+01
4.590000152587890625e+01 6.020000076293945312e+01
4.590000152587890625e+01 5.359999847412109375e+01
4.590000152587890625e+01 6.059999847412109375e+01
4.590000152587890625e+01 5.490000152587890625e+01
4.590000152587890625e+01 5.250000000000000000e+01
4.579999923706054688e+01 5.500000000000000000e+01
4.579999923706054688e+01 4.600000000000000000e+01
4.579999923706054688e+01 4.870000076293945312e+01
4.579999923706054688e+01 5.509999847412109375e+01
4.579999923706054688e+01 5.270000076293945312e+01
4.579999923706054688e+01 5.959999847412109375e+01
4.579999923706054688e+01 5.840000152587890625e+01
4.570000076293945312e+01 4.809999847412109375e+01
4.570000076293945312e+01 6.079999923706054688e+01
4.570000076293945312e+01 5.979999923706054688e+01
4.570000076293945312e+01 5.159999847412109375e+01
4.570000076293945312e+01 5.929999923706054688e+01
4.570000076293945312e+01 5.690000152587890625e+01
4.570000076293945312e+01 5.390000152587890625e+01
4.570000076293945312e+01 5.509999847412109375e+01
4.570000076293945312e+01 6.079999923706054688e+01
4.570000076293945312e+01 4.909999847412109375e+01
4.559999847412109375e+01 5.770000076293945312e+01
4.559999847412109375e+01 5.829999923706054688e+01
4.559999847412109375e+01 4.720000076293945312e+01
4.559999847412109375e+01 5.140000152587890625e+01
4.559999847412109375e+01 5.400000000000000000e+01
4.559999847412109375e+01 6.029999923706054688e+01
4.550000000000000000e+01 5.679999923706054688e+01
4.550000000000000000e+01 4.800000000000000000e+01
4.550000000000000000e+01 5.240000152587890625e+01
4.550000000000000000e+01 5.420000076293945312e+01
4.550000000000000000e+01 4.620000076293945312e+01
4.550000000000000000e+01 4.859999847412109375e+01
4.550000000000000000e+01 5.120000076293945312e+01
4.550000000000000000e+01 4.950000000000000000e+01
4.550000000000000000e+01 5.220000076293945312e+01
4.550000000000000000e+01 5.279999923706054688e+01
4.550000000000000000e+01 5.479999923706054688e+01
4.550000000000000000e+01 5.079999923706054688e+01
4.550000000000000000e+01 5.290000152587890625e+01
4.550000000000000000e+01 6.190000152587890625e+01
4.540000152587890625e+01 5.009999847412109375e+01
4.540000152587890625e+01 5.209999847412109375e+01
4.540000152587890625e+01 4.909999847412109375e+01
4.540000152587890625e+01 6.390000152587890625e+01
4.540000152587890625e+01 4.900000000000000000e+01
4.540000152587890625e+01 5.440000152587890625e+01
4.540000152587890625e+01 5.920000076293945312e+01
4.540000152587890625e+01 5.220000076293945312e+01
4.540000152587890625e+01 5.440000152587890625e+01
4.540000152587890625e+01 6.469999694824218750e+01
4.540000152587890625e+01 5.579999923706054688e+01
4.540000152587890625e+01 5.779999923706054688e+01
4.540000152587890625e+01 5.759999847412109375e+01
4.540000152587890625e+01 5.020000076293945312e+01
4.529999923706054688e+01 4.579999923706054688e+01
4.529999923706054688e+01 6.390000152587890625e+01
4.529999923706054688e+01 5.250000000000000000e+01
4.529999923706054688e+01 5.690000152587890625e+01
4.529999923706054688e+01 5.300000000000000000e+01
4.529999923706054688e+01 4.850000000000000000e+01
4.529999923706054688e+01 5.779999923706054688e+01
4.529999923706054688e+01 5.550000000000000000e+01
4.529999923706054688e+01 5.870000076293945312e+01
4.529999923706054688e+01 5.690000152587890625e+01
4.529999923706054688e+01 5.720000076293945312e+01
4.529999923706054688e+01 5.459999847412109375e+01
4.520000076293945312e+01 5.179999923706054688e+01
4.520000076293945312e+01 5.559999847412109375e+01
4.520000076293945312e+01 5.390000152587890625e+01
4.520000076293945312e+01 5.550000000000000000e+01
4.520000076293945312e+01 5.120000076293945312e+01
4.520000076293945312e+01 5.379999923706054688e+01
4.520000076293945312e+01 4.690000152587890625e+01
4.520000076293945312e+01 5.600000000000000000e+01
4.520000076293945312e+01 4.579999923706054688e+01
4.520000076293945312e+01 5.200000000000000000e+01
4.520000076293945312e+01 6.200000000000000000e+01
4.520000076293945312e+01 5.640000152587890625e+01
4.520000076293945312e+01 4.879999923706054688e+01
4.509999847412109375e+01 5.629999923706054688e+01
4.509999847412109375e+01 5.690000152587890625e+01
4.509999847412109375e+01 5.740000152587890625e+01
4.509999847412109375e+01 6.029999923706054688e+01
4.509999847412109375e+01 5.920000076293945312e+01
4.509999847412109375e+01 5.479999923706054688e+01
4.509999847412109375e+01 6.419999694824218750e+01
4.509999847412109375e+01 5.779999923706054688e+01
4.509999847412109375e+01 4.540000152587890625e+01
4.509999847412109375e+01 5.250000000000000000e+01
4.509999847412109375e+01 5.740000152587890625e+01
4.509999847412109375e+01 6.059999847412109375e+01
4.500000000000000000e+01 5.200000000000000000e+01
4.500000000000000000e+01 5.720000076293945312e+01
4.500000000000000000e+01 5.000000000000000000e+01
4.500000000000000000e+01 5.329999923706054688e+01
4.500000000000000000e+01 5.040000152587890625e+01
4.490000152587890625e+01 5.629999923706054688e+01
4.490000152587890625e+01 5.620000076293945312e+01
4.490000152587890625e+01 5.400000000000000000e+01
4.490000152587890625e+01 5.309999847412109375e+01
4.490000152587890625e+01 4.829999923706054688e+01
4.490000152587890625e+01 5.070000076293945312e+01
4.490000152587890625e+01 5.770000076293945312e+01
4.490000152587890625e+01 6.340000152587890625e+01
4.490000152587890625e+01 5.879999923706054688e+01
4.490000152587890625e+01 5.340000152587890625e+01
4.490000152587890625e+01 5.229999923706054688e+01
4.479999923706054688e+01 5.120000076293945312e+01
4.479999923706054688e+01 6.009999847412109375e+01
4.479999923706054688e+01 5.759999847412109375e+01
4.479999923706054688e+01 5.350000000000000000e+01
4.479999923706054688e+01 5.109999847412109375e+01
4.470000076293945312e+01 6.340000152587890625e+01
4.470000076293945312e+01 5.020000076293945312e+01
4.470000076293945312e+01 5.309999847412109375e+01
4.470000076293945312e+01 5.400000000000000000e+01
4.470000076293945312e+01 5.550000000000000000e+01
4.470000076293945312e+01 5.450000000000000000e+01
4.470000076293945312e+01 5.800000000000000000e+01
4.470000076293945312e+01 5.250000000000000000e+01
4.470000076293945312e+01 5.559999847412109375e+01
4.459999847412109375e+01 6.959999847412109375e+01
4.459999847412109375e+01 5.259999847412109375e+01
4.459999847412109375e+01 5.200000000000000000e+01
4.459999847412109375e+01 5.390000152587890625e+01
4.459999847412109375e+01 5.529999923706054688e+01
4.459999847412109375e+01 6.740000152587890625e+01
4.459999847412109375e+01 5.200000000000000000e+01
4.459999847412109375e+01 5.940000152587890625e+01
4.459999847412109375e+01 4.820000076293945312e+01
4.459999847412109375e+01 5.670000076293945312e+01
4.459999847412109375e+01 5.500000000000000000e+01
4.450000000000000000e+01 5.859999847412109375e+01
4.450000000000000000e+01 5.990000152587890625e+01
4.450000000000000000e+01 5.770000076293945312e+01
4.450000000000000000e+01 5.550000000000000000e+01
4.450000000000000000e+01 5.520000076293945312e+01
4.450000000000000000e+01 6.009999847412109375e+01
4.450000000000000000e+01 4.920000076293945312e+01
4.450000000000000000e+01 5.579999923706054688e+01
4.450000000000000000e+01 5.090000152587890625e+01
4.440000152587890625e+01 5.879999923706054688e+01
4.440000152587890625e+01 5.159999847412109375e+01
4.440000152587890625e+01 5.620000076293945312e+01
4.440000152587890625e+01 5.940000152587890625e+01
4.440000152587890625e+01 6.359999847412109375e+01
4.440000152587890625e+01 5.209999847412109375e+01
4.429999923706054688e+01 5.590000152587890625e+01
4.429999923706054688e+01 4.590000152587890625e+01
4.429999923706054688e+01 5.129999923706054688e+01
4.429999923706054688e+01 6.090000152587890625e+01
4.429999923706054688e+01 6.040000152587890625e+01
4.429999923706054688e+01 5.359999847412109375e+01
4.429999923706054688e+01 5.690000152587890625e+01
4.420000076293945312e+01 5.200000000000000000e+01
4.420000076293945312e+01 5.270000076293945312e+01
4.420000076293945312e+01 5.170000076293945312e+01
4.420000076293945312e+01 5.470000076293945312e+01
4.420000076293945312e+01 5.250000000000000000e+01
4.420000076293945312e+01 5.129999923706054688e+01
4.420000076293945312e+01 5.140000152587890625e+01
4.409999847412109375e+01 5.629999923706054688e+01
4.409999847412109375e+01 6.000000000000000000e+01
4.409999847412109375e+01 5.770000076293945312e+01
4.409999847412109375e+01 5.129999923706054688e+01
4.400000000000000000e+01 5.559999847412109375e+01
4.400000000000000000e+01 5.790000152587890625e+01
4.400000000000000000e+01 6.320000076293945312e+01
4.400000000000000000e+01 5.470000076293945312e+01
4.400000000000000000e+01 5.240000152587890625e+01
4.400000000000000000e+01 6.059999847412109375e+01
4.400000000000000000e+01 5.400000000000000000e+01
4.400000000000000000e+01 5.550000000000000000e+01
4.400000000000000000e+01 5.959999847412109375e+01
4.400000000000000000e+01 5.100000000000000000e+01
4.390000152587890625e+01 5.940000152587890625e+01
4.390000152587890625e+01 5.190000152587890625e+01
4.390000152587890625e+01 5.279999923706054688e+01
4.390000152587890625e+01 5.959999847412109375e+01
4.379999923706054688e+01 5.329999923706054688e+01
4.379999923706054688e+01 5.679999923706054688e+01
4.379999923706054688e+01 5.840000152587890625e+01
4.379999923706054688e+01 5.040000152587890625e+01
4.379999923706054688e+01 4.900000000000000000e+01
4.370000076293945312e+01 5.570000076293945312e+01
4.370000076293945312e+01 4.740000152587890625e+01
4.370000076293945312e+01 5.009999847412109375e+01
4.370000076293945312e+01 5.309999847412109375e+01
4.359999847412109375e+01 4.979999923706054688e+01
4.359999847412109375e+01 5.570000076293945312e+01
4.359999847412109375e+01 5.909999847412109375e+01
4.350000000000000000e+01 4.870000076293945312e+01
4.340000152587890625e+01 5.559999847412109375e+01
4.340000152587890625e+01 6.209999847412109375e+01
4.340000152587890625e+01 5.870000076293945312e+01
4.340000152587890625e+01 4.790000152587890625e+01
4.340000152587890625e+01 5.720000076293945312e+01
4.329999923706054688e+01 6.020000076293945312e+01
4.320000076293945312e+01 5.550000000000000000e+01
4.320000076293945312e+01 5.770000076293945312e+01
4.309999847412109375e+01 5.759999847412109375e+01
4.300000000000000000e+01 4.900000000000000000e+01
4.300000000000000000e+01 5.640000152587890625e+01
4.300000000000000000e+01 5.120000076293945312e+01
4.290000152587890625e+01 5.709999847412109375e+01
4.290000152587890625e+01 5.609999847412109375e+01
4.279999923706054688e+01 5.850000000000000000e+01
4.279999923706054688e+01 5.770000076293945312e+01
4.270000076293945312e+01 5.209999847412109375e+01
4.259999847412109375e+01 5.620000076293945312e+01
4.250000000000000000e+01 5.550000000000000000e+01
4.250000000000000000e+01 5.729999923706054688e+01
4.240000152587890625e+01 5.540000152587890625e+01
4.229999923706054688e+01 6.100000000000000000e+01
4.220000076293945312e+01 5.600000000000000000e+01
4.200000000000000000e+01 5.179999923706054688e+01
4.170000076293945312e+01 6.150000000000000000e+01
4.140000152587890625e+01 5.220000076293945312e+01
